8.824046010856293
8.130898830296346
5.390058806371146
7.437751649736401
7.437751649736401
7.214608098422191
8.130898830296346
7.725433722188183
8.824046010856293
5.8283137373023015
8.824046010856293
6.626821433520073
7.725433722188183
7.032286541628237
7.437751649736401
7.725433722188183
7.725433722188183
8.824046010856293
8.824046010856293
6.8781358618009785
8.824046010856293
6.426150738057921
5.086376392572924
4.680911284464759
4.7297014486341915
8.824046010856293
8.130898830296346
8.130898830296346
8.824046010856293
6.339139361068292
8.824046010856293
7.725433722188183
5.268697949366879
8.824046010856293
4.519980917652122
7.437751649736401
8.824046010856293
8.824046010856293
8.130898830296346
8.130898830296346
8.130898830296346
4.680911284464759
5.8283137373023015
7.725433722188183
8.824046010856293
8.824046010856293
4.589939506259032
8.130898830296346
7.725433722188183
6.744604469176457
8.824046010856293
8.824046010856293
8.130898830296346
8.824046010856293
7.725433722188183
6.339139361068292
8.130898830296346
8.824046010856293
8.130898830296346
8.824046010856293
7.725433722188183
7.214608098422191
6.521460917862246
8.824046010856293
8.130898830296346
4.995404614367198
5.390058806371146
8.824046010856293
8.824046010856293
8.824046010856293
8.130898830296346
8.824046010856293
8.824046010856293
4.533586569707901
6.8781358618009785
8.824046010856293
6.8781358618009785
8.824046010856293
5.645992180508347
7.437751649736401
8.824046010856293
8.130898830296346
6.259096653394756
8.824046010856293
7.437751649736401
8.824046010856293
8.824046010856293
4.179655111714919
8.824046010856293
8.824046010856293
8.130898830296346
8.824046010856293
5.8283137373023015
6.521460917862246
6.259096653394756
8.824046010856293
6.744604469176457
8.824046010856293
8.130898830296346
8.824046010856293
8.130898830296346
8.824046010856293
7.032286541628237
8.130898830296346
7.437751649736401
8.824046010856293
5.110473944151984
6.051457288616511
8.130898830296346
8.824046010856293
8.824046010856293
7.214608098422191
2.2630153449597197
8.824046010856293
7.214608098422191
8.824046010856293
8.824046010856293
8.130898830296346
6.521460917862246
6.744604469176457
8.824046010856293
8.824046010856293
8.824046010856293
8.130898830296346
4.932225712745666
8.130898830296346
8.824046010856293
7.725433722188183
7.214608098422191
8.824046010856293
8.824046010856293
7.032286541628237
6.626821433520073
8.824046010856293
8.824046010856293
6.521460917862246
8.824046010856293
6.339139361068292
8.824046010856293
8.824046010856293
8.824046010856293
8.130898830296346
7.437751649736401
8.824046010856293
8.824046010856293
6.8781358618009785
8.130898830296346
8.824046010856293
8.824046010856293
7.437751649736401
6.259096653394756
6.521460917862246
7.214608098422191
8.824046010856293
7.725433722188183
8.130898830296346
5.605170185988092
8.824046010856293
8.824046010856293
8.824046010856293
8.130898830296346
3.5613558219514068
7.032286541628237
6.521460917862246
7.032286541628237
7.214608098422191
8.130898830296346
8.824046010856293
8.824046010856293
8.824046010856293
7.032286541628237
8.824046010856293
8.130898830296346
8.130898830296346
4.547379891840237
6.184988681241034
6.8781358618009785
8.824046010856293
8.824046010856293
8.130898830296346
8.130898830296346
8.130898830296346
7.437751649736401
8.824046010856293
8.824046010856293
6.8781358618009785
8.824046010856293
6.521460917862246
8.824046010856293
5.879607031689852
6.8781358618009785
8.824046010856293
7.725433722188183
7.725433722188183
8.824046010856293
8.824046010856293
8.130898830296346
8.824046010856293
8.130898830296346
3.8404393891479556
8.824046010856293
8.824046010856293
7.725433722188183
7.725433722188183
8.824046010856293
8.130898830296346
8.824046010856293
8.824046010856293
8.130898830296346
4.0618720760585365
8.824046010856293
8.824046010856293
8.824046010856293
8.824046010856293
8.824046010856293
6.051457288616511
7.437751649736401
8.824046010856293
6.744604469176457
7.437751649736401
5.990832666800076
4.932225712745666
7.437751649736401
7.214608098422191
5.135166556742356
3.4769384801388235
8.130898830296346
8.824046010856293
8.824046010856293
6.339139361068292
8.130898830296346
7.725433722188183
7.437751649736401
8.824046010856293
8.824046010856293
8.130898830296346
8.824046010856293
5.779523573132869
7.437751649736401
8.824046010856293
6.259096653394756
5.933674252960127
8.824046010856293
6.626821433520073
8.130898830296346
4.634391268829866
6.521460917862246
8.130898830296346
8.824046010856293
8.824046010856293
8.824046010856293
7.725433722188183
8.130898830296346
8.824046010856293
8.824046010856293
8.824046010856293
8.824046010856293
8.824046010856293
8.824046010856293
8.130898830296346
8.130898830296346
4.713172146682981
8.824046010856293
8.824046010856293
8.824046010856293
7.214608098422191
8.824046010856293
7.725433722188183
8.824046010856293
8.130898830296346
8.130898830296346
6.339139361068292
6.744604469176457
8.824046010856293
8.824046010856293
8.130898830296346
7.437751649736401
8.824046010856293
6.339139361068292
8.824046010856293
4.780994743021742
7.437751649736401
7.437751649736401
6.521460917862246
8.130898830296346
8.824046010856293
7.214608098422191
5.933674252960127
8.824046010856293
7.725433722188183
2.000759888500605
8.824046010856293
7.032286541628237
8.824046010856293
4.003764445251255
8.824046010856293
8.824046010856293
8.130898830296346
5.645992180508347
6.339139361068292
8.824046010856293
6.339139361068292
5.528209144851963
7.725433722188183
8.824046010856293
7.437751649736401
8.824046010856293
8.824046010856293
7.214608098422191
8.824046010856293
8.824046010856293
4.952844999948401
7.725433722188183
6.426150738057921
8.824046010856293
7.214608098422191
7.032286541628237
8.130898830296346
8.824046010856293
8.130898830296346
5.456750180869818
3.8268337370921772
6.744604469176457
8.824046010856293
7.214608098422191
8.130898830296346
7.725433722188183
8.824046010856293
8.824046010856293
6.8781358618009785
5.933674252960127
7.725433722188183
7.725433722188183
6.259096653394756
7.214608098422191
8.824046010856293
7.725433722188183
5.456750180869818
4.6969116258112
8.824046010856293
7.437751649736401
7.725433722188183
8.130898830296346
5.645992180508347
8.130898830296346
7.032286541628237
8.824046010856293
8.130898830296346
7.725433722188183
6.626821433520073
8.130898830296346
8.824046010856293
7.725433722188183
5.8283137373023015
8.824046010856293
8.824046010856293
6.744604469176457
8.130898830296346
8.824046010856293
6.744604469176457
3.2036451451391423
8.130898830296346
8.130898830296346
6.339139361068292
8.824046010856293
8.130898830296346
7.437751649736401
6.744604469176457
7.725433722188183
7.437751649736401
7.214608098422191
7.725433722188183
8.824046010856293
8.824046010856293
7.725433722188183
4.649658740960655
8.824046010856293
7.032286541628237
8.130898830296346
4.358137892201708
4.2914465177030365
7.437751649736401
6.184988681241034
6.8781358618009785
6.626821433520073
8.824046010856293
8.130898830296346
7.437751649736401
8.130898830296346
6.8781358618009785
8.824046010856293
8.824046010856293
6.184988681241034
7.725433722188183
8.824046010856293
4.547379891840237
8.130898830296346
7.725433722188183
7.725433722188183
8.824046010856293
6.521460917862246
7.214608098422191
8.130898830296346
5.135166556742356
8.130898830296346
7.725433722188183
8.824046010856293
8.824046010856293
5.990832666800076
8.130898830296346
8.824046010856293
5.268697949366879
7.725433722188183
3.355985869721161
8.824046010856293
8.824046010856293
5.605170185988092
8.130898830296346
8.824046010856293
8.824046010856293
5.879607031689852
5.039856376938031
8.130898830296346
8.824046010856293
8.824046010856293
8.130898830296346
8.824046010856293
3.987764103904814
8.824046010856293
3.302585092994046
6.115995809754082
5.327538449389812
7.214608098422191
8.130898830296346
5.528209144851963
4.480240589002609
7.725433722188183
7.437751649736401
8.130898830296346
7.437751649736401
7.725433722188183
7.437751649736401
8.130898830296346
6.8781358618009785
8.824046010856293
8.824046010856293
8.130898830296346
8.130898830296346
5.390058806371146
7.725433722188183
7.214608098422191
7.437751649736401
8.130898830296346
4.259697819388456
5.086376392572924
8.824046010856293
7.725433722188183
8.824046010856293
7.725433722188183
8.824046010856293
8.824046010856293
8.824046010856293
8.824046010856293
7.725433722188183
5.645992180508347
3.9798589243977007
8.824046010856293
8.130898830296346
6.8781358618009785
7.437751649736401
8.824046010856293
6.744604469176457
8.824046010856293
8.130898830296346
8.130898830296346
3.9412440882699213
8.130898830296346
8.824046010856293
3.7741900036067553
8.130898830296346
4.816712825623821
8.130898830296346
7.214608098422191
5.990832666800076
8.130898830296346
8.130898830296346
8.130898830296346
4.417326763592039
8.824046010856293
7.725433722188183
8.824046010856293
8.824046010856293
7.725433722188183
5.933674252960127
7.214608098422191
8.130898830296346
8.130898830296346
8.824046010856293
8.130898830296346
8.824046010856293
